845544
711575
805194
094676
639772
785140
149133
399900
974558
244077
722698
732559
728475
973558
190122
995049
390031
395399
907824
524154
785456
232221
757639
552219
134953
455621
862732
066489
289977
497547
318493
088395
420344
632703
855244
435939
102912
054848
507207
544835
601393
430907
073256
601559
355215
756714
581930
188868
836613
137408
260517
036608
192839
445266
024850
942651
700986
535078
811710
660043
327403
178877
864818
971164
859464
730571
263340
941913
463192
595715
323312
946178
237647
048150
752450
248111
942596
192733
814426
835561
967211
965309
518827
854455
115077
738412
388021
216458
313100
768074
871710
199700
353035
685936
101334
287762
884630
183889
459182
612067
494530
165019
664710
889529
570725
060000
709028
999375
180586
223643
177018
999938
776059
142452
299035
827667
504244
255048
712355
722332
913273
815611
167025
249078
572859
941882
691126
169821
607145
063374
065833
968718
191805
751494
535941
085143
750769
711143
246679
826164
202375
820776
951024
458722
909067
303214
543483
506685
499978
395727
577328
014274
898421
752734
275488
756476
981264
654351
256523
718953
268946
705202
937150
699907
748315
215030
306118
744031
901063
452517
495684
793453
139534
561548
150070
573579
413154
190440
409750
339888
511812
982784
823233
051697
443049
555862
552539
313377
561176
339418
248413
621761
070345
218457
137572
416091
368721
440553
659493
428399
615988
523702
206905
498137
821733
869517
824459
623361
600334
212330
465541
103956
542638
644841
650692
055854
422327
365705
743257
684289
894659
135496
302492
613988
029615
944555
889096
867730
694349
898207
453320
777774
911704
811368
703979
277212
837950
568635
330911
954537
223603
887773
041535
760024
214727
991202
366621
784413
466456
956844
976288
798419
217726
286993
869825
777234
618307
469212
011248
755818
738686
506194
519635
283321
751703
477533
469010
057138
221560
231283
659395
371552
344045
771272
516021
290677
675926
207564
133188
311198
309499
950363
518336
662096
441099
542400
204915
521361
154404
906557
927899
136861
015098
945069
173400
083514
970022
900374
912191
197130
495389
989958
414049
258871
530738
729597
504802
784783
461156
890782
584083
910155
922705
622483
949004
749776
452883
971612
750358
988890
402773
616656
333372
356561
487777
931569
032030
305333
638956
545709
311002
626411
645743
625644
968314
662301
260704
356666
812807
402387
139193
970687
786648
455386
378533
166187
863621
377851
392976
504032
354758
783900
344214
644884
562000
711873
483744
153589
413426
658318
615863
244181
430016
743876
061986
933194
702278
010280
011005
751599
272166
779434
411139
295595
447470
950744
353090
730733
448440
586100
505195
385418
555454
304798
074115
939744
424151
876898
811560
136822
563889
103450
261934
086154
238304
952750
390084
118934
814745
088279
523922
889947
809474
674436
472058
487823
644642
383120
690225
933018
024292
448504
773281
766786
416505
781617
153412
016072
940348
733271
526359
641458
601157
951147
183524
370339
395958
736168
882281
172783
434065
012319
968452
506450
173845
111769
060363
600996
460579
267644
407163
232223
955188
256977
708089
659343
109661
616673
126037
782041
659626
966790
589224
623037
800560
240664
664634
711928
860863
473124
519999
499164
138756
900600
095919
721796
480078
539155
097399
467107
903272
173119
022762
644142
709488
622843
500581
576261
068975
691944
627640
842068
486283
422617
238607
019276
444274
735580
527262
094272
074449
704643
386500
647174
050657
309820
836327
801049
952145
737288