010280
011005
011248
012319
014274
015098
016072
019276
022762
024292
024850
029615
032030
036608
041535
048150
050657
051697
054848
055854
057138
060000
060363
061986
063374
065833
066489
068975
070345
073256
074115
074449
083514
085143
086154
088279
088395
094272
094676
095919
097399
101334
102912
103450
103956
109661
111769
115077
118934
126037
133188
134953
135496
136822
136861
137408
137572
138756
139193
139534
142452
149133
150070
153412
153589
154404
165019
166187
167025
169821
172783
173119
173400
173845
177018
178877
180586
183524
183889
188868
190122
190440
191805
192733
192839
197130
199700
202375
204915
206905
207564
212330
214727
215030
216458
217726
218457
221560
223603
223643
231283
232221
232223
237647
238304
238607
240664
244077
244181
246679
248111
248413
249078
255048
256523
256977
258871
260517
260704
261934
263340
267644
268946
272166
275488
277212
283321
286993
287762
289977
290677
295595
299035
302492
303214
304798
305333
306118
309499
309820
311002
311198
313100
313377
318493
323312
327403
330911
333372
339418
339888
344045
344214
353035
353090
354758
355215
356561
356666
365705
366621
368721
370339
371552
377851
378533
383120
385418
386500
388021
390031
390084
392976
395399
395727
395958
399900
402387
402773
407163
409750
411139
413154
413426
414049
416091
416505
420344
422327
422617
424151
428399
430016
430907
434065
435939
440553
441099
443049
444274
445266
447470
448440
448504
452517
452883
453320
455386
455621
458722
459182
460579
461156
463192
465541
466456
467107
469010
469212
472058
473124
477533
480078
483744
486283
487777
487823
494530
495389
495684
497547
498137
499164
499978
500581
504032
504244
504802
505195
506194
506450
506685
507207
511812
516021
518336
518827
519635
519999
521361
523702
523922
524154
526359
527262
530738
535078
535941
539155
542400
542638
543483
544835
545709
552219
552539
555454
555862
561176
561548
562000
563889
568635
570725
572859
573579
576261
577328
581930
584083
586100
589224
595715
600334
600996
601157
601393
601559
607145
612067
613988
615863
615988
616656
616673
618307
621761
622483
622843
623037
623361
625644
626411
627640
632703
638956
639772
641458
644142
644642
644841
644884
645743
647174
650692
654351
658318
659343
659395
659493
659626
660043
662096
662301
664634
664710
674436
675926
684289
685936
690225
691126
691944
694349
699907
700986
702278
703979
704643
705202
708089
709028
709488
711143
711575
711873
711928
712355
718953
721796
722332
722698
728475
729597
730571
730733
732559
733271
735580
736168
737288
738412
738686
743257
743876
744031
748315
749776
750358
750769
751494
751599
751703
752450
752734
755818
756476
756714
757639
760024
766786
768074
771272
773281
776059
777234
777774
779434
781617
782041
783900
784413
784783
785140
785456
786648
793453
798419
800560
801049
805194
809474
811368
811560
811710
812807
814426
814745
815611
820776
821733
823233
824459
826164
827667
835561
836327
836613
837950
842068
845544
854455
855244
859464
860863
862732
863621
864818
867730
869517
869825
871710
876898
882281
884630
887773
889096
889529
889947
890782
894659
898207
898421
900374
900600
901063
903272
906557
907824
909067
910155
911704
912191
913273
922705
927899
931569
933018
933194
937150
939744
940348
941882
941913
942596
942651
944555
945069
946178
949004
950363
950744
951024
951147
952145
952750
954537
955188
956844
965309
966790
967211
968314
968452
968718
970022
970687
971164
971612
973558
974558
976288
981264
982784
988890
989958
991202
995049
999375
999938