102335848
102335685
102335698
102335593
102335518
102335443
102335368
102335293
102335218
102335143
102335068
102334993
102334918
102334843
102334768
102334693
102334618
102334543
102334468
102334393
102334318
102334243
102334168
102334093
102334018
102333943
102333868
102333793
102333718
102333643
102333568
102333493
102333418
102333343
102333268
102333193
102333118
102333043
102332968
102332893
102332818
102332743
102332668
102332593
102332518
102332443
102332368
102332293
102332218
102332143
102332068
102331993
102331918
102331843
102331768
102331693
102331618
102331543
102331468
102331393
102331318
102331243
102331168
102331093
102331018
102330943
102330868
102330793
102330718
102330643
102330568
102330493
102330418
102330343
102330268
102330193
102330118
102330043
102329968
102329893
102329818
102329743
102329668
102329593
102329518
102329443
102329368
102329293
102329218
102329143
102329068
102328993
102328918
102328843
102328768
102328693
102328618
102328543
102328468
102328393
102328318
102328243
102328168
102328093
102328018
102327943
102327868
102327793
102327718
102327643
102327568
102327493
102327418
102327343
102327268
102327193
102327118
102327043


