000001
000002
000012
000022
000100
000102
000110
000111
000112
000120
000121
000122
000200
000210
000212
000221
000222
001002
001010
001011
001012
001020
001021
001022
001100
001102
001110
001111
001112
001120
001200
001202
001210
001211
001220
001221
001222
002000
002001
002002
002011
002021
002022
002101
002110
002111
002112
002120
002121
002122
002200
002202
002210
002212
002220
002221
010001
010002
010011
010012
010021
010022
010101
010110
010111
010112
010120
010121
010122
010201
010210
010211
010212
010220
010221
010222
011000
011001
011002
011010
011020
011100
011101
011102
011111
011112
011120
011122
011200
011202
011211
011212
011220
011221
011222
012000
012001
012010
012020
012100
012102
012110
012111
012112
012120
012122
012200
012201
012210
012211
012212
012220
012221
012222
020000
020001
020011
020012
020020
020021
020022
020100
020101
020102
020112
020120
020121
020201
020202
020210
020212
020220
020221
020222
021000
021011
021012
021020
021021
021100
021101
021102
021112
021121
021200
021201
021202
021210
021211
021212
021220
022000
022001
022002
022010
022011
022012
022020
022022
022100
022102
022110
022111
022112
022121
022122
022200
022202
022211
022220
022221
100001
100002
100011
100012
100020
100022
100100
100101
100102
100111
100112
100120
100121
100122
100200
100202
100211
100212
100221
100222
101000
101010
101020
101021
101022
101100
101102
101121
101200
101201
101210
101211
101221
102001
102002
102010
102011
102021
102022
102100
102101
102102
102112
102120
102121
102122
102201
102210
102211
110000
110001
110011
110012
110020
110021
110100
110101
110102
110111
110112
110122
110200
110201
110202
110211
110221
111001
111010
111011
111012
111020
111021
111022
111100
111110
111111
111112
111121
111200
111202
111210
111220
111221
111222
112002
112010
112012
112020
112021
112100
112101
112110
112111
112120
112122
112202
112210
112220
112222
120010
120011
120020
120022
120100
120102
120110
120200
120201
120202
120210
120211
120212
120220
120221
120222
121000
121001
121010
121011
121012
121022
121100
121102
121110
121111
121112
121120
121121
121122
121201
121202
121210
121211
121212
121220
121221
121222
122000
122001
122002
122010
122020
122021
122022
122101
122102
122110
122120
122121
122200
122201
122202
122210
122211
122212
122220
122222
200000
200001
200002
200010
200012
200020
200021
200022
200100
200101
200102
200110
200112
200120
200121
200200
200202
200210
200211
200212
200222
201000
201001
201002
201010
201011
201012
201020
201021
201022
201100
201101
201102
201110
201112
201120
201122
201200
201201
201202
201210
201211
201220
201222
202000
202001
202011
202020
202021
202100
202101
202102
202110
202111
202112
202120
202122
202200
202201
202202
210000
210001
210002
210011
210012
210020
210022
210100
210102
210121
210200
210201
210202
210210
210211
210212
210220
210221
210222
211000
211001
211002
211011
211012
211021
211022
211101
211110
211111
211112
211120
211200
211201
211210
211220
211221
211222
212002
212010
212012
212020
212022
212100
212101
212102
212111
212112
212120
212121
212122
212200
212201
212211
212220
212222
220000
220001
220002
220011
220012
220020
220100
220101
220102
220111
220112
220120
220121
220200
220201
220202
220210
220211
220220
221000
221001
221010
221011
221021
221022
221100
221101
221102
221110
221111
221112
221120
221121
221122
221200
221202
221210
221211
221212
221220
221221
222001
222010
222011
222012
222020
222101
222102
222110
222111
222121
222122
222200
222202
222210
222211
222220