212121
012211
221200
211222
110200
120011
122202
202201
121121
010222
212012
002200
120102
202101
222211
200112
220120
200120
212120
201112
211120
010110
100221
212201
010021
122110
012010
201002
021220
211001
010011
010112
021000
110100
002221
010012
220011
012122
221202
110020
001222
201210
021210
202102
012020
102210
220102
221111
001120
211220
112222
212002
021200
202200
200001
121000
110201
201101
200102
102011
021020
010120
001110
001021
222102
122021
201100
202120
100011
201102
010001
012112
002002
121011
001111
000221
201001
002111
201110
201012
012110
202112
201122
212022
112122
010201
120022
201220
022001
221022
100100
220201
121012
220001
012221
020011
102201
200200
000002
011211
021202
210221
010022
010122
002101
201211
121212
002001
102001
112012
210012
022020
212211
011010
110021
100212
121001
111121
020201
001112
102022
212111
111221
022102
111202
110211
200000
210102
100202
112202
000121
201201
121222
010221
110102
011120
122222
020022
222200
212020
020021
001221
121221
001020
111200
022221
210222
120010
101121
102121
012200
210020
201202
210000
022220
112100
210022
020102
220020
120020
212101
012001
121202
200202
020001
021102
122102
220210
102122
201000
002210
012210
120110
210200
101021
122101
222122
221101
101200
222001
211002
210202
111112
212222
001200
020000
111010
011220
020222
100211
221100
220111
202011
122121
022022
100111
101022
120201
102100
221011
000100
221001
220220
021021
020220
222202
211112
221120
022100
100122
202021
122212
120212
200222
220112
200101
020120
020100
222121
021201
001022
200022
212112
201010
021212
110122
221010
221122
022012
122002
110101
012111
012222
211021
201120
021100
122001
011111
110111
112021
100222
100022
100120
111022
112111
200121
000200
021112
121210
120210
022111
012102
011212
122000
002121
122211
202110
210011
211022
002021
101102
100001
011100
002011
012100
120220
221121
011202
121120
112010
101020
020020
112101
220100
010220
121110
211210
022110
020212
011000
101000
021012
111021
121211
212200
101100
200002
010121
222220
201022
211110
220002
012120
211221
110221
122010
210001
110001
000222
111111
002022
001002
012220
110112
100101
211111
202001
022002
022200
221110
001100
010210
121010
120202
200210
010101
220000
210211
111222
200010
110000
111100
222210
212220
011002
020101
121122
000212
121112
022000
222111
021101
022121
001210
010002
202100
201020
002202
021211
221221
011101
101010
000112
101201
101221
100121
001220
022122
011020
210220
122020
011112
211011
111210
210210
221021
122022
120100
022211
110011
220012
222101
122120
001012
112020
202111
112120
100102
102211
111011
112110
221112
210002
211012
212122
220121
122200
000001
120222
100012
111001
012201
020210
221212
120221
211201
210212
222020
211200
011221
100002
202202
001102
012212
221000
021011
000111
200212
222012
212010
020012
002120
200021
011200
201011
000012
000102
221210
220202
121220
202020
212102
000110
202122
201200
100200
010111
121102
000210
200110
022112
000122
102120
200012
012000
022011
122201
022202
112210
220211
011001
000022
002112
020112
101210
200020
100112
002000
222110
211101
121022
002220
002122
011222
001202
000120
002110
211000
021121
202000
221211
121111
110202
122210
102010
201222
001010
101211
102102
111110
121201
020221
220200
120200
020202
220101
122220
112002
102101
100020
010211
102002
102112
011102
002212
022010
110012
222011
221220
210121
120211
112220
020121
210201
111012
210100
221102
011122
111220
222010
200100
010212
001211
111020
201021
200211
102021
212100
121100
001011